Processing directory: 1
WR11C2R4        5000   128     1     1             106.74             7.8103e-01
WR11C2R4        5000   128     1     1             108.53             7.6817e-01
WR11C2R4        5000   128     1     1             108.59             7.6773e-01
WR11C2R4        5000   128     1     1             108.78             7.6642e-01
WR11C2R4        5000   128     1     1             106.51             7.8278e-01
WR11C2R4        5000   128     1     1             108.71             7.6690e-01
WR11C2R4        5000   128     1     1             106.81             7.8058e-01
WR11C2R4        5000   128     1     1             109.67             7.6018e-01
WR11C2R4        5000   128     1     1             106.66             7.8163e-01
WR11C2R4        5000   128     1     1             109.60             7.6071e-01
WR11C2R4        5000   128     1     1             107.53             7.7534e-01
WR11C2R4        5000   128     1     1             110.13             7.5705e-01
WR11C2R4        5000   128     1     1             108.83             7.6604e-01
WR11C2R4        5000   128     1     1             109.57             7.6089e-01
WR11C2R4        5000   128     1     1             104.57             7.9727e-01
WR11C2R4        5000   128     1     1             104.89             7.9488e-01
Processing directory: 2
WR11C2R4        5000   128     1     1             107.13             7.7825e-01
WR11C2R4        5000   128     1     1             109.15             7.6384e-01
WR11C2R4        5000   128     1     1             109.08             7.6429e-01
WR11C2R4        5000   128     1     1             109.57             7.6088e-01
WR11C2R4        5000   128     1     1             107.24             7.7741e-01
WR11C2R4        5000   128     1     1             109.02             7.6475e-01
WR11C2R4        5000   128     1     1             105.12             7.9309e-01
WR11C2R4        5000   128     1     1             108.84             7.6597e-01
WR11C2R4        5000   128     1     1             109.36             7.6235e-01
WR11C2R4        5000   128     1     1             109.78             7.5943e-01
WR11C2R4        5000   128     1     1             107.43             7.7607e-01
WR11C2R4        5000   128     1     1             110.64             7.5351e-01
WR11C2R4        5000   128     1     1             108.61             7.6763e-01
WR11C2R4        5000   128     1     1             109.67             7.6022e-01
WR11C2R4        5000   128     1     1             103.09             8.0870e-01
WR11C2R4        5000   128     1     1             107.82             7.7324e-01
Processing directory: 3
WR11C2R4        5000   128     1     1             107.70             7.7409e-01
WR11C2R4        5000   128     1     1             108.81             7.6620e-01
WR11C2R4        5000   128     1     1             109.15             7.6383e-01
WR11C2R4        5000   128     1     1             109.37             7.6225e-01
WR11C2R4        5000   128     1     1             106.49             7.8293e-01
WR11C2R4        5000   128     1     1             107.26             7.7729e-01
WR11C2R4        5000   128     1     1             106.86             7.8016e-01
WR11C2R4        5000   128     1     1             108.93             7.6533e-01
WR11C2R4        5000   128     1     1             107.01             7.7908e-01
WR11C2R4        5000   128     1     1             109.55             7.6106e-01
WR11C2R4        5000   128     1     1             105.19             7.9256e-01
WR11C2R4        5000   128     1     1             110.44             7.5488e-01
WR11C2R4        5000   128     1     1             108.67             7.6721e-01
WR11C2R4        5000   128     1     1             109.31             7.6273e-01
WR11C2R4        5000   128     1     1             104.46             7.9811e-01
WR11C2R4        5000   128     1     1             107.58             7.7499e-01
Processing directory: 4
WR11C2R4        5000   128     1     1             108.26             7.7007e-01
WR11C2R4        5000   128     1     1             108.67             7.6717e-01
WR11C2R4        5000   128     1     1             109.24             7.6319e-01
WR11C2R4        5000   128     1     1             109.65             7.6036e-01
WR11C2R4        5000   128     1     1             105.21             7.9240e-01
WR11C2R4        5000   128     1     1             107.40             7.7630e-01
WR11C2R4        5000   128     1     1             106.88             7.8002e-01
WR11C2R4        5000   128     1     1             108.62             7.6752e-01
WR11C2R4        5000   128     1     1             107.57             7.7503e-01
WR11C2R4        5000   128     1     1             109.79             7.5934e-01
WR11C2R4        5000   128     1     1             105.29             7.9185e-01
WR11C2R4        5000   128     1     1             110.11             7.5713e-01
WR11C2R4        5000   128     1     1             107.62             7.7467e-01
WR11C2R4        5000   128     1     1             109.30             7.6276e-01
WR11C2R4        5000   128     1     1             106.35             7.8390e-01
WR11C2R4        5000   128     1     1             107.24             7.7741e-01
Processing directory: 5
WR11C2R4        5000   128     1     1             109.28             7.6291e-01
WR11C2R4        5000   128     1     1             109.38             7.6219e-01
WR11C2R4        5000   128     1     1             107.69             7.7421e-01
WR11C2R4        5000   128     1     1             109.09             7.6421e-01
WR11C2R4        5000   128     1     1             106.80             7.8061e-01
WR11C2R4        5000   128     1     1             107.76             7.7368e-01
WR11C2R4        5000   128     1     1             109.17             7.6370e-01
WR11C2R4        5000   128     1     1             109.41             7.6203e-01
WR11C2R4        5000   128     1     1             106.99             7.7925e-01
WR11C2R4        5000   128     1     1             109.35             7.6245e-01
WR11C2R4        5000   128     1     1             105.98             7.8667e-01
WR11C2R4        5000   128     1     1             110.70             7.5313e-01
WR11C2R4        5000   128     1     1             108.17             7.7077e-01
WR11C2R4        5000   128     1     1             108.98             7.6498e-01
WR11C2R4        5000   128     1     1             104.57             7.9731e-01
WR11C2R4        5000   128     1     1             105.06             7.9356e-01
Processing directory: 6
WR11C2R4        5000   128     1     2              54.19             1.5384e+00
WR11C2R4        5000   128     1     2              54.83             1.5206e+00
WR11C2R4        5000   128     1     2              55.15             1.5117e+00
WR11C2R4        5000   128     1     2              54.83             1.5206e+00
WR11C2R4        5000   128     1     2              53.21             1.5668e+00
WR11C2R4        5000   128     1     2              53.73             1.5517e+00
WR11C2R4        5000   128     1     2              53.01             1.5728e+00
WR11C2R4        5000   128     1     2              54.08             1.5415e+00
Processing directory: 7
WR11C2R4        5000   128     1     2              53.31             1.5640e+00
WR11C2R4        5000   128     1     2              53.95             1.5453e+00
WR11C2R4        5000   128     1     2              54.54             1.5286e+00
WR11C2R4        5000   128     1     2              53.90             1.5467e+00
WR11C2R4        5000   128     1     2              53.05             1.5715e+00
WR11C2R4        5000   128     1     2              53.95             1.5454e+00
WR11C2R4        5000   128     1     2              52.25             1.5957e+00
WR11C2R4        5000   128     1     2              52.51             1.5877e+00
Processing directory: 8
WR11C2R4        5000   128     1     2              53.77             1.5504e+00
WR11C2R4        5000   128     1     2              53.20             1.5670e+00
WR11C2R4        5000   128     1     2              54.41             1.5323e+00
WR11C2R4        5000   128     1     2              53.99             1.5442e+00
WR11C2R4        5000   128     1     2              52.44             1.5898e+00
WR11C2R4        5000   128     1     2              53.61             1.5552e+00
WR11C2R4        5000   128     1     2              53.53             1.5576e+00
WR11C2R4        5000   128     1     2              52.45             1.5894e+00
Processing directory: 9
WR11C2R4        5000   128     1     2              54.48             1.5302e+00
WR11C2R4        5000   128     1     2              54.52             1.5291e+00
WR11C2R4        5000   128     1     2              54.85             1.5200e+00
WR11C2R4        5000   128     1     2              53.95             1.5455e+00
WR11C2R4        5000   128     1     2              53.17             1.5681e+00
WR11C2R4        5000   128     1     2              54.30             1.5354e+00
WR11C2R4        5000   128     1     2              53.68             1.5530e+00
WR11C2R4        5000   128     1     2              52.84             1.5779e+00
Processing directory: 10
WR11C2R4        5000   128     1     2              51.73             1.6116e+00
WR11C2R4        5000   128     1     2              53.28             1.5647e+00
WR11C2R4        5000   128     1     2              54.03             1.5431e+00
WR11C2R4        5000   128     1     2              53.75             1.5512e+00
WR11C2R4        5000   128     1     2              52.80             1.5789e+00
WR11C2R4        5000   128     1     2              53.09             1.5704e+00
WR11C2R4        5000   128     1     2              52.29             1.5943e+00
WR11C2R4        5000   128     1     2              53.30             1.5643e+00
Processing directory: 11
WR11C2R4        5000   128     2     2              19.66             4.2408e+00
WR11C2R4        5000   128     2     2              20.26             4.1154e+00
WR11C2R4        5000   128     2     2              19.21             4.3402e+00
WR11C2R4        5000   128     2     2              19.69             4.2339e+00
Processing directory: 12
WR11C2R4        5000   128     2     2              19.29             4.3214e+00
WR11C2R4        5000   128     2     2              20.11             4.1459e+00
WR11C2R4        5000   128     2     2              19.79             4.2126e+00
WR11C2R4        5000   128     2     2              19.90             4.1895e+00
Processing directory: 13
WR11C2R4        5000   128     2     2              18.60             4.4819e+00
WR11C2R4        5000   128     2     2              19.97             4.1745e+00
WR11C2R4        5000   128     2     2              19.53             4.2691e+00
WR11C2R4        5000   128     2     2              19.42             4.2925e+00
Processing directory: 14
WR11C2R4        5000   128     2     2              19.41             4.2955e+00
WR11C2R4        5000   128     2     2              20.39             4.0879e+00
WR11C2R4        5000   128     2     2              19.52             4.2700e+00
WR11C2R4        5000   128     2     2              19.12             4.3594e+00
Processing directory: 15
WR11C2R4        5000   128     2     2              18.53             4.4994e+00
WR11C2R4        5000   128     2     2              19.83             4.2051e+00
WR11C2R4        5000   128     2     2              20.14             4.1395e+00
WR11C2R4        5000   128     2     2              19.39             4.3001e+00
Processing directory: 16
WR11C2R4        5000   128     2     4               9.70             8.5965e+00
WR11C2R4        5000   128     2     4               9.53             8.7459e+00
Processing directory: 17
WR11C2R4        5000   128     2     4               9.25             9.0160e+00
WR11C2R4        5000   128     2     4               9.77             8.5372e+00
Processing directory: 18
WR11C2R4        5000   128     2     4               9.30             8.9659e+00
WR11C2R4        5000   128     2     4               9.61             8.6761e+00
Processing directory: 19
WR11C2R4        5000   128     2     4               9.27             8.9930e+00
WR11C2R4        5000   128     2     4               9.48             8.7988e+00
Processing directory: 20
WR11C2R4        5000   128     2     4               9.29             8.9787e+00
WR11C2R4        5000   128     2     4               9.56             8.7185e+00
Processing directory: 21
WR11C2R4        5000   128     4     4               3.71             2.2450e+01
Processing directory: 22
WR11C2R4        5000   128     4     4               3.93             2.1206e+01
Processing directory: 23
WR11C2R4        5000   128     4     4               3.59             2.3193e+01
Processing directory: 24
WR11C2R4        5000   128     4     4               3.58             2.3304e+01
Processing directory: 25
WR11C2R4        5000   128     4     4               3.78             2.2062e+01
