Processing directory: 1
WR11C2R4        5000   128     1     1              40.76             2.0454e+00
WR11C2R4        5000   128     1     1              39.70             2.1002e+00
WR11C2R4        5000   128     1     1              31.50             2.6466e+00
WR11C2R4        5000   128     1     1              40.02             2.0831e+00
WR11C2R4        5000   128     1     1              38.68             2.1553e+00
WR11C2R4        5000   128     1     1              38.93             2.1418e+00
WR11C2R4        5000   128     1     1              37.04             2.2510e+00
WR11C2R4        5000   128     1     1              40.09             2.0795e+00
Processing directory: 2
WR11C2R4        5000   128     1     1              40.65             2.0510e+00
WR11C2R4        5000   128     1     1              38.58             2.1611e+00
WR11C2R4        5000   128     1     1              40.24             2.0719e+00
WR11C2R4        5000   128     1     1              32.68             2.5513e+00
WR11C2R4        5000   128     1     1              39.98             2.0856e+00
WR11C2R4        5000   128     1     1              40.89             2.0390e+00
WR11C2R4        5000   128     1     1              39.78             2.0960e+00
WR11C2R4        5000   128     1     1              36.74             2.2691e+00
Processing directory: 3
WR11C2R4        5000   128     1     1              36.77             2.2671e+00
WR11C2R4        5000   128     1     1              33.02             2.5247e+00
WR11C2R4        5000   128     1     1              40.40             2.0634e+00
WR11C2R4        5000   128     1     1              40.74             2.0463e+00
WR11C2R4        5000   128     1     1              39.80             2.0950e+00
WR11C2R4        5000   128     1     1              40.98             2.0345e+00
WR11C2R4        5000   128     1     1              39.61             2.1046e+00
WR11C2R4        5000   128     1     1              38.24             2.1801e+00
Processing directory: 4
WR11C2R4        5000   128     1     1              37.04             2.2507e+00
WR11C2R4        5000   128     1     1              39.94             2.0876e+00
WR11C2R4        5000   128     1     1              40.60             2.0532e+00
WR11C2R4        5000   128     1     1              41.04             2.0313e+00
WR11C2R4        5000   128     1     1              34.05             2.4481e+00
WR11C2R4        5000   128     1     1              41.27             2.0201e+00
WR11C2R4        5000   128     1     1              38.94             2.1411e+00
WR11C2R4        5000   128     1     1              39.62             2.1044e+00
Processing directory: 5
WR11C2R4        5000   128     1     1              34.29             2.4311e+00
WR11C2R4        5000   128     1     1              40.13             2.0775e+00
WR11C2R4        5000   128     1     1              40.23             2.0724e+00
WR11C2R4        5000   128     1     1              40.71             2.0478e+00
WR11C2R4        5000   128     1     1              38.99             2.1385e+00
WR11C2R4        5000   128     1     1              41.15             2.0258e+00
WR11C2R4        5000   128     1     1              35.57             2.3440e+00
WR11C2R4        5000   128     1     1              40.00             2.0841e+00
Processing directory: 6
WR11C2R4        5000   128     1     2              19.76             4.2190e+00
WR11C2R4        5000   128     1     2              20.24             4.1184e+00
WR11C2R4        5000   128     1     2              18.72             4.4546e+00
WR11C2R4        5000   128     1     2              19.64             4.2444e+00
Processing directory: 7
WR11C2R4        5000   128     1     2              19.83             4.2052e+00
WR11C2R4        5000   128     1     2              20.22             4.1228e+00
WR11C2R4        5000   128     1     2              19.46             4.2838e+00
WR11C2R4        5000   128     1     2              18.78             4.4391e+00
Processing directory: 8
WR11C2R4        5000   128     1     2              19.94             4.1818e+00
WR11C2R4        5000   128     1     2              20.27             4.1130e+00
WR11C2R4        5000   128     1     2              19.50             4.2751e+00
WR11C2R4        5000   128     1     2              18.54             4.4969e+00
Processing directory: 9
WR11C2R4        5000   128     1     2              19.77             4.2170e+00
WR11C2R4        5000   128     1     2              20.30             4.1064e+00
WR11C2R4        5000   128     1     2              19.31             4.3185e+00
WR11C2R4        5000   128     1     2              18.88             4.4157e+00
Processing directory: 10
WR11C2R4        5000   128     1     2              18.78             4.4385e+00
WR11C2R4        5000   128     1     2              20.26             4.1141e+00
WR11C2R4        5000   128     1     2              19.42             4.2928e+00
WR11C2R4        5000   128     1     2              20.03             4.1630e+00
Processing directory: 11
WR11C2R4        5000   128     2     2               6.12             1.3631e+01
WR11C2R4        5000   128     2     2               6.59             1.2646e+01
Processing directory: 12
WR11C2R4        5000   128     2     2               6.27             1.3298e+01
WR11C2R4        5000   128     2     2               6.32             1.3197e+01
Processing directory: 13
WR11C2R4        5000   128     2     2               6.32             1.3185e+01
WR11C2R4        5000   128     2     2               6.48             1.2857e+01
Processing directory: 14
WR11C2R4        5000   128     2     2               6.27             1.3305e+01
WR11C2R4        5000   128     2     2               6.45             1.2924e+01
Processing directory: 15
WR11C2R4        5000   128     2     2               6.38             1.3069e+01
WR11C2R4        5000   128     2     2               6.28             1.3268e+01
Processing directory: 16
WR11C2R4        5000   128     2     4               3.33             2.5056e+01
Processing directory: 17
WR11C2R4        5000   128     2     4               3.32             2.5121e+01
Processing directory: 18
WR11C2R4        5000   128     2     4               3.34             2.4988e+01
Processing directory: 19
WR11C2R4        5000   128     2     4               3.30             2.5252e+01
Processing directory: 20
WR11C2R4        5000   128     2     4               3.37             2.4748e+01
